Level	Amazon	Sorceress	Necromancer	Paladin	Barbarian	Druid	Assassin	ExpRatio
MaxLvl	99	99	99	99	99	99	99	10
0	0	0	0	0	0	0	0	1024
1	500	500	500	500	500	500	500	256
2	1500	1500	1500	1500	1500	1500	1500	256
3	3750	3750	3750	3750	3750	3750	3750	256
4	7875	7875	7875	7875	7875	7875	7875	256
5	14175	14175	14175	14175	14175	14175	14175	256
6	22680	22680	22680	22680	22680	22680	22680	256
7	32886	32886	32886	32886	32886	32886	32886	256
8	44396	44396	44396	44396	44396	44396	44396	256
9	57715	57715	57715	57715	57715	57715	57715	256
10	72144	72144	72144	72144	72144	72144	72144	256
11	90180	90180	90180	90180	90180	90180	90180	256
12	112725	112725	112725	112725	112725	112725	112725	256
13	140906	140906	140906	140906	140906	140906	140906	256
14	176132	176132	176132	176132	176132	176132	176132	256
15	220165	220165	220165	220165	220165	220165	220165	256
16	275207	275207	275207	275207	275207	275207	275207	256
17	344008	344008	344008	344008	344008	344008	344008	256
18	430010	430010	430010	430010	430010	430010	430010	256
19	537513	537513	537513	537513	537513	537513	537513	256
20	671891	671891	671891	671891	671891	671891	671891	256
21	839864	839864	839864	839864	839864	839864	839864	256
22	1049830	1049830	1049830	1049830	1049830	1049830	1049830	256
23	1312287	1312287	1312287	1312287	1312287	1312287	1312287	256
24	1640359	1640359	1640359	1640359	1640359	1640359	1640359	256
25	2050449	2050449	2050449	2050449	2050449	2050449	2050449	256
26	2563061	2563061	2563061	2563061	2563061	2563061	2563061	256
27	3203826	3203826	3203826	3203826	3203826	3203826	3203826	256
28	3902260	3902260	3902260	3902260	3902260	3902260	3902260	256
29	4663553	4663553	4663553	4663553	4663553	4663553	4663553	256
30	5493363	5493363	5493363	5493363	5493363	5493363	5493363	256
31	6397855	6397855	6397855	6397855	6397855	6397855	6397855	256
32	7383752	7383752	7383752	7383752	7383752	7383752	7383752	256
33	8458379	8458379	8458379	8458379	8458379	8458379	8458379	256
34	9629723	9629723	9629723	9629723	9629723	9629723	9629723	256
35	10906488	10906488	10906488	10906488	10906488	10906488	10906488	256
36	12298162	12298162	12298162	12298162	12298162	12298162	12298162	256
37	13815086	13815086	13815086	13815086	13815086	13815086	13815086	256
38	15468534	15468534	15468534	15468534	15468534	15468534	15468534	256
39	17270791	17270791	17270791	17270791	17270791	17270791	17270791	256
40	19235252	19235252	19235252	19235252	19235252	19235252	19235252	256
41	21376515	21376515	21376515	21376515	21376515	21376515	21376515	256
42	23710491	23710491	23710491	23710491	23710491	23710491	23710491	256
43	26254525	26254525	26254525	26254525	26254525	26254525	26254525	256
44	29027522	29027522	29027522	29027522	29027522	29027522	29027522	256
45	32050088	32050088	32050088	32050088	32050088	32050088	32050088	256
46	35344686	35344686	35344686	35344686	35344686	35344686	35344686	256
47	38935798	38935798	38935798	38935798	38935798	38935798	38935798	256
48	42850109	42850109	42850109	42850109	42850109	42850109	42850109	256
49	47116709	47116709	47116709	47116709	47116709	47116709	47116709	256
50	51767302	51767302	51767302	51767302	51767302	51767302	51767302	256
51	56836449	56836449	56836449	56836449	56836449	56836449	56836449	256
52	62361819	62361819	62361819	62361819	62361819	62361819	62361819	256
53	68384473	68384473	68384473	68384473	68384473	68384473	68384473	256
54	74949165	74949165	74949165	74949165	74949165	74949165	74949165	256
55	82104680	82104680	82104680	82104680	82104680	82104680	82104680	256
56	89904191	89904191	89904191	89904191	89904191	89904191	89904191	256
57	98405658	98405658	98405658	98405658	98405658	98405658	98405658	256
58	107672256	107672256	107672256	107672256	107672256	107672256	107672256	256
59	117772849	117772849	117772849	117772849	117772849	117772849	117772849	256
60	128782495	128782495	128782495	128782495	128782495	128782495	128782495	256
61	140783010	140783010	140783010	140783010	140783010	140783010	140783010	256
62	153863570	153863570	153863570	153863570	153863570	153863570	153863570	256
63	168121381	168121381	168121381	168121381	168121381	168121381	168121381	256
64	183662396	183662396	183662396	183662396	183662396	183662396	183662396	256
65	200602101	200602101	200602101	200602101	200602101	200602101	200602101	256
66	219066380	219066380	219066380	219066380	219066380	219066380	219066380	256
67	239192444	239192444	239192444	239192444	239192444	239192444	239192444	256
68	261129853	261129853	261129853	261129853	261129853	261129853	261129853	256
69	285041630	285041630	285041630	285041630	285041630	285041630	285041630	256
70	311105466	311105466	311105466	311105466	311105466	311105466	311105466	256
71	339515048	339515048	339515048	339515048	339515048	339515048	339515048	256
72	370481492	370481492	370481492	370481492	370481492	370481492	370481492	256
73	404234916	404234916	404234916	404234916	404234916	404234916	404234916	256
74	441026148	441026148	441026148	441026148	441026148	441026148	441026148	256
75	481128591	481128591	481128591	481128591	481128591	481128591	481128591	256
76	524840254	524840254	524840254	524840254	524840254	524840254	524840254	256
77	572485967	572485967	572485967	572485967	572485967	572485967	572485967	256
78	624419793	624419793	624419793	624419793	624419793	624419793	624419793	256
79	681027665	681027665	681027665	681027665	681027665	681027665	681027665	256
80	742730244	742730244	742730244	742730244	742730244	742730244	742730244	256
81	809986056	809986056	809986056	809986056	809986056	809986056	809986056	256
82	883294891	883294891	883294891	883294891	883294891	883294891	883294891	256
83	963201521	963201521	963201521	963201521	963201521	963201521	963201521	256
84	1050299747	1050299747	1050299747	1050299747	1050299747	1050299747	1050299747	256
85	1145236814	1145236814	1145236814	1145236814	1145236814	1145236814	1145236814	256
86	1248718217	1248718217	1248718217	1248718217	1248718217	1248718217	1248718217	256
87	1361512946	1361512946	1361512946	1361512946	1361512946	1361512946	1361512946	256
88	1484459201	1484459201	1484459201	1484459201	1484459201	1484459201	1484459201	256
89	1618470619	1618470619	1618470619	1618470619	1618470619	1618470619	1618470619	256
90	1764543065	1764543065	1764543065	1764543065	1764543065	1764543065	1764543065	256
91	1923762030	1923762030	1923762030	1923762030	1923762030	1923762030	1923762030	256
92	2097310703	2097310703	2097310703	2097310703	2097310703	2097310703	2097310703	256
93	2286478756	2286478756	2286478756	2286478756	2286478756	2286478756	2286478756	128
94	2492671933	2492671933	2492671933	2492671933	2492671933	2492671933	2492671933	64
95	2717422497	2717422497	2717422497	2717422497	2717422497	2717422497	2717422497	50
96	2962400612	2962400612	2962400612	2962400612	2962400612	2962400612	2962400612	50
97	3229426756	3229426756	3229426756	3229426756	3229426756	3229426756	3229426756	50
98	3520485254	3520485254	3520485254	3520485254	3520485254	3520485254	3520485254	32
99	3837739017	3837739017	3837739017	3837739017	3837739017	3837739017	3837739017	16
